1 7 8 22 28 30
1 7 8 26 27 30
1 7 8 26 28 30
1 7 10 27 28 30
1 7 12 20 27 28
1 7 12 22 26 27
1 7 12 22 27 28
1 7 12 27 28 30
1 7 14 21 26 27
1 7 14 22 27 28
1 7 14 24 26 27
1 7 14 27 28 30
1 7 15 22 26 27
1 7 20 21 26 28
1 7 20 24 27 28
1 7 20 27 28 30
1 7 21 22 26 28
1 7 21 26 27 28
1 7 21 26 27 30
1 7 22 24 27 28
1 8 13 22 27 28
1 8 17 18 24 30
1 8 17 21 26 27
1 8 17 26 27 30
1 8 19 20 24 28
1 8 19 20 24 30
1 8 19 20 28 30
1 9 19 20 24 26
1 9 19 20 26 30
1 9 19 20 27 30
1 10 12 17 27 28
1 10 13 18 27 28
1 10 17 18 24 27
1 10 17 18 26 28
1 10 17 18 28 30
1 10 17 20 27 28
1 10 17 22 26 27
1 10 17 24 26 27
1 10 18 19 26 30
1 10 18 19 27 30
1 10 19 20 24 26
1 10 19 20 24 28
1 10 19 20 26 28
1 10 19 21 26 27
1 10 19 26 27 30
1 12 13 18 26 28
1 12 13 22 26 27
1 12 19 20 28 30
1 12 19 22 26 27
1 13 14 18 24 26
1 13 14 18 24 28
1 13 14 18 26 28
1 13 14 21 26 28
1 13 14 21 27 28
1 13 14 24 26 28
1 13 18 20 27 28
1 13 18 21 26 27
1 13 18 27 28 30
1 13 21 22 27 28
1 13 21 24 27 28
1 14 15 17 26 27
1 14 15 19 24 26
1 14 15 19 24 30
1 14 17 18 24 26
1 14 17 18 24 30
1 14 17 18 28 30
1 14 17 21 27 28
1 14 17 22 26 27
1 14 17 24 26 27
1 14 17 26 27 30
1 14 18 19 24 30
1 14 18 19 28 30
1 14 19 20 26 30
1 14 19 20 27 30
1 14 19 20 28 30
1 15 17 18 27 30
1 15 17 20 26 27
1 15 17 20 27 28
1 15 17 22 26 27
1 15 17 24 26 27
1 15 19 20 26 30
1 15 19 20 27 30
1 17 18 20 26 27
1 17 18 20 26 30
1 17 18 20 27 30
1 17 18 21 24 26
1 17 18 22 28 30
1 17 18 24 27 30
1 17 20 21 24 27
1 17 20 21 26 28
1 17 20 21 27 28
1 17 20 22 26 27
1 17 20 26 27 28
1 17 20 26 27 30
1 17 20 27 28 30
1 17 21 22 24 26
1 17 21 22 24 28
1 17 21 22 26 28
1 17 21 22 27 28
1 17 21 24 27 28
1 17 21 26 27 30
1 17 21 27 28 30
1 17 22 24 27 28
2 9 10 20 27 32
2 9 10 21 27 32
2 9 14 15 24 32
2 9 14 15 27 32
2 9 14 15 30 32
2 9 20 21 27 32
2 9 20 27 28 32
2 9 21 26 27 32
2 10 21 27 28 32
2 14 15 21 26 32
2 14 15 21 28 32
2 15 18 26 27 32
2 15 20 27 28 32
2 15 21 27 28 32
3 8 12 27 28 32
3 8 20 27 28 32
3 8 21 22 24 32
3 8 21 22 28 32
3 8 21 27 28 32
3 9 10 18 30 32
3 9 10 20 28 32
3 9 10 22 24 32
3 9 10 26 30 32
3 9 10 27 30 32
3 9 10 28 30 32
3 9 21 22 26 32
3 10 12 27 28 32
3 10 22 26 27 32
3 10 22 27 28 32
3 12 14 15 27 32
3 12 14 15 28 32
3 12 14 27 28 32
3 12 15 26 27 32
3 12 15 27 28 32
3 12 18 26 27 32
3 12 20 27 28 32
3 12 21 26 27 32
3 14 15 22 28 32
3 15 21 22 28 32
3 15 22 26 27 32
5 8 9 20 30 32
5 8 10 27 28 32
5 8 21 22 28 32
5 9 10 15 28 32
5 9 10 22 26 32
5 9 10 22 27 32
5 9 10 22 28 32
5 9 10 26 30 32
5 9 21 22 28 32
5 12 14 27 28 32
5 12 20 27 28 32
5 14 21 22 27 32
5 15 20 26 27 32
5 15 21 22 28 32
6 7 8 20 27 32
6 7 8 21 28 30
6 7 8 27 30 32
6 7 9 20 26 30
6 7 9 20 27 30
6 7 9 20 28 30
6 7 9 21 27 30
6 7 9 22 26 30
6 7 9 26 30 32
6 7 10 20 27 28
6 7 10 20 27 32
6 7 10 21 26 28
6 7 10 21 26 30
6 7 10 21 27 30
6 7 10 24 26 27
6 7 10 27 28 30
6 7 10 27 28 32
6 7 12 14 27 32
6 7 12 20 27 28
6 7 12 20 27 30
6 7 12 20 27 32
6 7 12 21 24 26
6 7 12 21 24 32
6 7 12 21 27 32
6 7 12 22 24 27
6 7 12 22 27 30
6 7 12 27 28 30
6 7 12 27 30 32
6 7 14 20 27 30
6 7 14 20 27 32
6 7 14 21 24 26
6 7 14 21 24 28
6 7 14 21 26 30
6 7 14 21 27 30
6 7 14 22 24 27
6 7 14 22 27 30
6 7 14 22 27 32
6 7 14 24 27 30
6 7 14 24 27 32
6 7 14 27 30 32
6 7 15 20 24 26
6 7 15 20 24 30
6 7 15 20 26 32
6 7 15 20 27 30
6 7 15 20 30 32
6 7 15 21 24 27
6 7 15 22 26 30
6 7 15 22 30 32
6 7 15 24 26 30
6 7 15 24 26 32
6 7 15 24 27 30
6 7 18 21 27 30
6 7 18 21 28 30
6 7 20 21 26 28
6 7 20 21 26 30
6 7 20 26 27 32
6 7 21 22 24 27
6 7 21 22 26 28
6 7 21 26 27 32
6 7 22 24 27 30
6 7 22 24 27 32
6 8 15 21 31 32
6 8 15 26 31 32
6 8 18 21 31 32
6 9 10 12 29 32
6 9 10 13 28 30
6 9 10 21 29 32
6 9 10 22 31 32
6 9 10 24 29 32
6 9 11 12 26 32
6 9 11 12 27 32
6 9 11 12 30 32
6 9 12 18 31 32
6 9 12 26 31 32
6 9 13 14 24 30
6 9 13 14 24 32
6 9 13 14 26 30
6 9 13 14 26 32
6 9 18 22 31 32
6 9 21 22 29 32
6 9 22 24 31 32
6 10 12 13 27 32
6 10 12 17 27 28
6 10 13 18 26 27
6 10 15 29 30 32
6 10 17 20 27 28
6 10 17 21 27 28
6 10 17 22 26 27
6 10 17 26 27 32
6 10 17 27 28 30
6 10 19 20 26 27
6 10 19 21 26 27
6 10 19 26 27 30
6 10 19 26 27 32
6 10 19 27 28 30
6 10 21 22 29 32
6 11 12 15 28 32
6 11 12 18 27 32
6 11 12 21 28 32
6 11 12 27 28 32
6 12 13 15 26 27
6 12 13 21 28 32
6 12 13 24 27 32
6 12 13 27 30 32
6 12 15 24 31 32
6 12 15 29 30 32
6 12 17 20 26 27
6 12 17 26 27 30
6 12 18 21 31 32
6 12 19 20 27 30
6 12 19 20 27 32
6 12 20 21 29 32
6 13 14 20 27 30
6 13 14 21 24 26
6 13 14 21 24 28
6 13 14 21 26 27
6 13 14 21 26 30
6 13 14 22 24 27
6 13 14 24 27 30
6 13 21 22 26 28
6 13 21 22 26 32
6 13 21 22 27 32
6 15 19 20 24 26
6 15 19 20 24 30
6 15 19 20 30 32
6 17 18 20 27 30
6 17 18 20 27 32
6 17 18 21 26 30
6 17 18 21 26 32
6 17 20 21 26 28
6 17 20 21 26 30
6 17 20 21 27 30
6 17 20 22 26 27
6 17 20 22 27 28
6 17 21 22 24 26
6 17 21 22 26 28
7 8 10 14 27 30
7 8 10 14 27 32
7 8 10 15 26 30
7 8 10 15 27 30
7 8 10 15 27 32
7 8 10 20 26 27
7 8 10 21 24 27
7 8 10 22 24 27
7 8 10 22 27 32
7 8 12 21 24 28
7 8 12 22 24 27
7 8 12 22 27 30
7 8 14 21 27 30
7 8 14 21 27 32
7 8 14 22 27 32
7 8 14 24 27 30
7 8 14 27 30 32
7 8 15 18 30 32
7 8 15 20 27 30
7 8 15 20 27 32
7 8 15 20 30 32
7 8 15 21 28 30
7 8 15 27 30 32
7 8 20 21 26 30
7 8 20 21 27 30
7 8 20 21 27 32
7 8 20 27 30 32
7 8 21 22 30 32
7 8 21 26 28 30
7 8 21 27 30 32
7 8 22 26 27 30
7 9 10 15 24 30
7 9 10 15 30 32
7 9 10 21 24 30
7 9 10 22 24 27
7 9 10 22 24 30
7 9 10 22 24 32
7 9 10 24 30 32
7 9 10 26 28 30
7 9 10 26 30 32
7 9 14 15 24 30
7 9 21 22 28 32
7 9 21 26 27 30
7 10 12 22 27 28
7 10 14 15 24 27
7 10 14 15 24 30
7 10 14 15 24 32
7 10 14 15 26 27
7 10 14 26 27 30
7 10 14 27 28 32
7 10 15 20 26 27
7 10 15 20 27 28
7 10 15 22 26 27
7 10 15 24 26 27
7 10 15 27 28 30
7 10 15 27 28 32
7 10 18 20 26 27
7 10 18 21 26 27
7 10 18 22 26 27
7 10 20 21 24 28
7 10 20 24 26 27
7 10 20 26 27 28
7 10 20 26 27 32
7 10 21 22 26 27
7 10 21 24 27 28
7 10 22 26 27 28
7 12 14 15 24 26
7 12 14 15 24 30
7 12 14 15 30 32
7 12 14 22 26 27
7 12 14 22 27 28
7 12 14 24 26 27
7 12 14 27 28 30
7 12 14 27 28 32
7 12 18 20 26 27
7 12 20 24 27 28
7 12 20 26 27 28
7 12 21 22 27 28
7 12 21 24 27 28
7 12 22 24 26 27
7 12 22 24 27 28
7 12 22 26 27 30
7 14 15 21 24 26
7 14 15 21 24 28
7 14 15 21 24 32
7 14 15 22 24 28
7 14 15 22 26 32
7 14 15 22 28 32
7 14 15 24 30 32
7 14 15 27 30 32
7 14 20 21 24 28
7 14 20 21 27 32
7 14 21 22 24 26
7 14 21 22 24 28
7 14 21 22 27 32
7 14 22 24 26 27
7 15 20 21 24 27
7 15 20 21 28 30
7 15 20 22 26 27
7 15 20 22 27 28
7 15 20 26 27 30
7 15 21 22 24 32
7 15 21 24 26 27
8 9 10 13 28 30
8 9 10 13 28 32
8 9 10 17 26 30
8 9 10 17 30 32
8 9 11 12 26 32
8 9 11 14 24 32
8 9 11 18 30 32
8 9 12 13 28 30
8 9 12 15 31 32
8 9 12 18 31 32
8 9 12 20 29 32
8 9 12 20 31 32
8 9 12 21 31 32
8 9 12 24 31 32
8 9 12 26 31 32
8 9 13 14 24 30
8 9 13 14 24 32
8 9 13 18 30 32
8 9 13 20 24 30
8 9 13 20 28 30
8 9 13 22 26 32
8 9 13 22 28 30
8 9 13 28 30 32
8 9 18 20 31 32
8 9 20 22 29 32
8 10 11 12 27 32
8 10 11 15 28 32
8 10 12 13 27 28
8 10 12 13 27 30
8 10 12 13 27 32
8 10 13 14 24 27
8 10 13 20 27 28
8 10 13 27 28 30
8 10 13 27 28 32
8 10 17 20 26 27
8 10 18 21 31 32
8 10 19 20 24 27
8 11 12 18 27 32
8 11 12 21 27 32
8 11 12 27 28 32
8 11 12 27 30 32
8 11 21 22 26 32
8 11 21 22 27 32
8 12 13 15 24 28
8 12 13 15 24 32
8 12 13 15 26 32
8 12 13 20 27 28
8 12 13 21 26 32
8 12 13 21 27 28
8 12 13 21 27 32
8 12 13 21 28 32
8 12 14 15 29 32
8 12 15 18 31 32
8 12 15 24 31 32
8 12 15 26 31 32
8 13 14 20 27 28
8 13 14 20 27 30
8 13 14 21 24 26
8 13 14 21 24 28
8 13 14 21 24 30
8 13 14 21 24 32
8 13 14 21 28 30
8 13 20 21 27 28
8 13 20 24 27 28
8 13 21 22 24 28
8 14 19 20 27 30
8 15 18 20 31 32
8 15 18 21 31 32
8 17 18 21 24 32
8 17 20 21 24 27
8 17 20 21 27 30
8 17 20 21 27 32
8 17 20 21 28 30
8 17 21 22 24 27
9 10 11 14 24 32
9 10 11 18 28 32
9 10 11 20 28 32
9 10 11 21 27 32
9 10 12 13 24 32
9 10 12 14 29 32
9 10 12 17 24 30
9 10 12 17 24 32
9 10 12 17 27 32
9 10 12 17 30 32
9 10 12 18 29 32
9 10 12 19 27 32
9 10 12 21 29 32
9 10 12 26 31 32
9 10 13 14 24 30
9 10 13 14 24 32
9 10 13 14 28 30
9 10 13 18 28 30
9 10 13 18 28 32
9 10 13 20 26 28
9 10 13 20 26 32
9 10 13 21 27 30
9 10 13 22 28 30
9 10 13 22 28 32
9 10 13 24 26 30
9 10 13 26 30 32
9 10 13 27 28 30
9 10 14 15 29 32
9 10 14 19 28 30
9 10 15 17 26 30
9 10 15 17 27 30
9 10 15 17 27 32
9 10 15 21 29 32
9 10 17 18 24 30
9 10 17 20 26 28
9 10 17 20 27 32
9 10 17 21 26 27
9 10 17 21 28 30
9 10 17 27 30 32
9 10 18 22 29 32
9 10 18 22 31 32
9 10 19 20 24 27
9 10 19 21 24 27
9 10 19 21 26 30
9 10 19 21 26 32
9 10 19 21 27 30
9 10 19 21 27 32
9 10 19 22 24 32
9 10 19 22 26 32
9 10 19 22 27 30
9 10 19 24 26 32
9 10 20 21 29 32
9 11 12 14 28 32
9 11 12 18 27 32
9 11 12 20 27 32
9 11 12 21 26 32
9 11 12 21 27 32
9 11 12 21 28 32
9 11 12 26 28 32
9 11 12 27 30 32
9 11 12 28 30 32
9 11 20 21 28 32
9 12 13 15 24 32
9 12 13 15 30 32
9 12 13 20 24 32
9 12 13 21 24 32
9 12 13 21 28 32
9 12 13 22 28 30
9 12 13 24 28 32
9 12 13 26 27 32
9 12 13 28 30 32
9 12 14 18 31 32
9 12 15 18 31 32
9 12 15 21 31 32
9 12 17 18 30 32
9 12 18 20 31 32
9 12 19 20 24 30
9 12 19 20 26 30
9 12 19 20 26 32
9 12 19 20 27 32
9 12 19 20 28 32
9 13 14 15 24 32
9 13 14 20 24 28
9 13 14 20 24 30
9 13 14 20 24 32
9 13 14 20 28 30
9 13 14 21 24 28
9 13 14 21 24 30
9 13 14 21 24 32
9 13 14 22 24 27
9 13 14 22 24 32
9 13 14 22 28 32
9 13 14 24 26 30
9 13 14 24 26 32
9 13 14 24 28 30
9 13 14 24 28 32
9 13 21 22 24 32
9 13 21 22 26 32
9 13 21 22 27 32
9 13 21 22 28 32
9 14 15 17 24 30
9 14 15 21 29 32
9 14 19 20 30 32
9 14 20 21 29 32
9 15 19 20 30 32
9 17 18 20 26 30
9 17 20 21 24 27
9 17 20 21 26 27
9 17 20 21 26 30
9 17 20 21 28 30
10 11 12 18 27 32
10 11 15 18 28 32
10 11 18 21 28 32
10 12 13 22 27 28
10 12 13 26 27 32
10 12 13 27 28 32
10 12 17 20 27 28
10 12 17 21 27 28
10 12 17 24 27 28
10 12 19 22 27 28
10 12 19 26 27 30
10 13 14 15 24 28
10 13 14 15 28 30
10 13 14 27 28 30
10 13 15 20 27 28
10 13 18 26 27 30
10 13 20 26 27 28
10 14 15 17 24 30
10 14 15 17 24 32
10 14 15 19 27 30
10 14 15 19 28 30
10 14 15 22 29 32
10 15 17 18 27 32
10 15 17 18 28 30
10 15 17 22 27 28
10 15 17 26 27 30
10 15 18 19 24 30
10 15 18 19 30 32
10 15 19 20 24 32
10 17 18 21 24 30
10 17 18 21 26 30
10 17 18 21 27 30
10 17 18 21 27 32
10 17 18 21 28 30
11 12 14 27 28 32
11 12 15 26 28 32
11 12 18 21 26 32
11 12 18 21 27 32
12 13 14 18 27 32
12 13 14 24 27 30
12 13 14 24 27 32
12 13 15 18 28 30
12 13 15 21 28 32
12 13 15 22 28 30
12 13 15 24 27 32
12 13 15 26 27 32
12 13 18 21 28 30
12 13 18 21 28 32
12 13 18 22 27 30
12 14 15 17 27 32
12 14 15 17 28 32
12 14 15 19 26 32
12 14 15 19 27 32
12 14 17 18 27 30
12 14 19 20 27 30
12 15 18 19 24 32
12 15 19 20 26 30
12 15 19 20 26 32
12 17 18 21 24 32
13 14 15 22 26 32
13 14 15 24 26 32
13 14 15 24 27 32
14 15 17 20 24 32
14 15 19 20 24 32
1 7 8 21 28 30
1 7 8 22 27 30
1 7 8 24 27 30
1 7 8 24 28 30
1 7 10 24 26 27
1 7 10 26 27 28
1 7 10 26 27 30
1 7 12 24 26 27
1 7 14 20 27 28
1 7 14 26 27 30
1 7 15 20 27 28
1 7 15 26 27 30
1 7 18 26 27 30
1 7 20 21 24 27
1 7 20 22 26 27
1 7 21 22 24 27
1 7 22 27 28 30
1 8 17 18 26 30
1 9 10 17 28 30
1 9 17 20 26 27
1 9 17 26 27 30
1 9 19 20 24 27
1 9 19 20 28 30
1 10 13 21 27 28
1 10 14 17 26 27
1 10 15 17 26 27
1 10 17 18 24 28
1 10 17 18 24 30
1 10 17 18 26 30
1 10 17 18 27 30
1 10 17 20 26 27
1 10 17 21 26 27
1 10 18 19 24 28
1 10 18 19 24 30
1 10 19 21 27 28
1 10 19 27 28 30
1 12 13 18 24 28
1 12 13 21 26 28
1 12 13 21 27 28
1 12 14 17 26 27
1 12 14 17 27 28
1 12 15 17 27 28
1 12 17 18 24 28
1 12 17 18 27 30
1 12 17 20 26 27
1 12 17 21 27 28
1 12 17 24 26 27
1 12 17 27 28 30
1 12 19 22 27 28
1 13 14 18 28 30
1 13 14 21 24 27
1 13 14 22 24 27
1 13 14 22 24 28
1 13 14 24 27 28
1 13 21 22 26 27
1 13 21 24 26 27
1 13 21 26 27 28
1 13 21 27 28 30
1 14 15 17 24 27
1 14 15 17 27 30
1 14 15 19 24 27
1 14 17 20 26 27
1 14 17 20 27 28
1 14 17 21 26 27
1 14 19 20 24 26
1 14 19 20 24 28
1 14 19 21 27 28
1 15 17 22 27 28
1 15 17 26 27 30
1 15 19 20 28 30
1 17 18 20 24 28
1 17 18 20 24 30
1 17 18 20 26 28
1 17 18 21 24 27
1 17 18 21 24 28
1 17 18 21 24 30
1 17 18 21 26 27
1 17 18 21 26 30
1 17 18 21 27 30
1 17 18 21 28 30
1 17 18 22 24 27
1 17 18 22 27 30
1 17 18 24 28 30
1 17 20 21 24 28
1 17 20 21 26 27
1 17 21 22 24 27
1 17 21 24 26 27
1 17 21 26 27 28
1 17 22 26 27 30
2 8 9 21 24 32
2 8 9 21 26 32
2 8 9 21 30 32
2 8 9 27 30 32
2 8 14 15 27 32
2 8 20 21 27 32
2 8 21 27 28 32
2 9 10 18 27 32
2 9 10 21 26 32
2 9 10 21 28 32
2 9 10 24 27 32
2 9 20 21 26 32
2 9 20 26 27 32
2 9 21 27 28 32
2 10 14 15 27 32
2 10 15 26 27 32
2 10 15 27 28 32
2 14 15 24 27 32
2 14 21 26 27 32
2 14 21 27 28 32
2 15 20 26 27 32
3 8 9 20 28 32
3 8 10 27 28 32
3 8 12 26 27 32
3 8 22 27 28 32
3 9 10 18 28 32
3 9 10 20 26 32
3 9 10 20 27 32
3 9 10 22 26 32
3 9 10 22 27 32
3 9 21 22 24 32
3 9 21 22 28 32
3 9 22 26 27 32
3 10 18 27 28 32
3 12 14 15 26 32
3 12 14 26 27 32
3 12 18 27 28 32
3 14 15 22 27 32
3 14 15 24 27 32
3 14 15 24 28 32
3 14 21 22 28 32
3 14 22 26 27 32
5 8 9 12 30 32
5 8 9 15 30 32
5 8 9 22 24 32
5 8 9 22 30 32
5 8 20 27 28 32
5 9 10 12 27 32
5 9 10 18 30 32
5 9 10 20 24 32
5 9 10 22 24 32
5 9 10 28 30 32
5 10 12 27 28 32
5 10 15 26 27 32
5 10 15 27 28 32
5 10 22 26 27 32
5 12 14 26 27 32
5 12 15 26 27 32
5 12 15 27 28 32
5 12 18 26 27 32
5 12 21 26 27 32
5 12 21 27 28 32
5 14 21 22 28 32
6 7 9 21 26 30
6 7 10 15 26 32
6 7 10 15 27 30
6 7 10 21 28 30
6 7 10 22 24 27
6 7 12 14 27 30
6 7 12 15 26 30
6 7 12 15 26 32
6 7 12 15 30 32
6 7 12 18 27 30
6 7 12 20 24 27
6 7 12 21 24 27
6 7 12 21 26 28
6 7 14 21 24 30
6 7 14 21 24 32
6 7 14 21 27 32
6 7 15 20 24 27
6 7 15 20 28 30
6 7 15 21 26 30
6 7 15 21 26 32
6 7 15 21 27 30
6 7 15 21 27 32
6 7 15 22 24 32
6 7 15 27 30 32
6 7 18 20 27 30
6 7 18 20 27 32
6 7 18 21 26 30
6 7 18 21 26 32
6 7 20 21 24 27
6 7 20 21 28 30
6 7 20 27 30 32
6 7 21 22 26 30
6 7 21 22 26 32
6 7 21 22 27 30
6 7 21 22 28 32
6 7 21 24 26 30
6 7 21 26 28 32
6 7 21 26 30 32
6 7 22 26 27 30
6 7 22 27 28 30
6 7 22 27 30 32
6 8 9 12 31 32
6 8 9 21 31 32
6 8 9 22 31 32
6 8 11 12 27 32
6 8 11 26 27 32
6 8 12 13 27 32
6 8 12 27 31 32
6 8 13 26 27 30
6 8 15 22 31 32
6 8 15 28 31 32
6 8 19 20 27 30
6 8 21 22 29 32
6 8 21 22 31 32
6 8 21 24 31 32
6 8 21 27 31 32
6 9 10 12 31 32
6 9 10 13 26 32
6 9 10 14 29 32
6 9 10 17 24 30
6 9 10 17 28 30
6 9 10 17 30 32
6 9 10 19 30 32
6 9 10 20 29 32
6 9 10 22 29 32
6 9 10 29 30 32
6 9 11 12 28 32
6 9 12 13 24 32
6 9 12 13 28 32
6 9 12 13 30 32
6 9 12 15 31 32
6 9 12 20 31 32
6 9 12 21 31 32
6 9 12 24 31 32
6 9 12 27 31 32
6 9 12 28 31 32
6 9 12 29 30 32
6 9 14 21 31 32
6 9 14 22 31 32
6 9 14 24 31 32
6 9 14 29 30 32
6 9 15 22 31 32
6 9 15 26 31 32
6 9 19 20 24 30
6 9 20 21 29 32
6 9 20 22 31 32
6 9 21 26 31 32
6 10 12 17 26 27
6 10 13 14 27 30
6 10 13 20 27 28
6 10 13 24 26 27
6 10 13 26 27 28
6 10 13 26 27 30
6 10 13 26 27 32
6 10 14 17 26 27
6 10 17 18 27 30
6 10 17 18 27 32
6 10 17 21 26 27
6 10 17 22 27 28
6 10 18 19 27 30
6 10 19 22 26 27
6 11 12 15 27 32
6 11 14 26 27 32
6 11 15 26 27 32
6 11 20 26 27 32
6 11 21 27 28 32
6 12 13 14 27 32
6 12 13 15 26 28
6 12 13 15 26 30
6 12 13 15 26 32
6 12 13 15 27 32
6 12 13 15 28 32
6 12 13 20 27 32
6 12 13 21 26 27
6 12 13 22 27 28
6 12 13 22 27 30
6 12 13 26 27 30
6 12 13 26 27 32
6 12 14 27 31 32
6 12 15 26 31 32
6 12 17 18 27 30
6 12 17 21 26 27
6 12 17 27 28 30
6 12 19 26 27 30
6 13 14 20 24 27
6 13 14 21 24 27
6 13 14 21 26 32
6 13 14 22 27 32
6 13 14 24 27 32
6 13 14 26 27 30
6 13 14 26 27 32
6 13 15 20 26 27
6 13 15 22 26 27
6 13 18 26 27 30
6 13 20 24 26 27
6 13 20 27 28 30
6 13 21 22 24 26
6 17 18 21 28 30
6 17 20 21 24 27
6 17 20 21 27 32
6 17 20 24 26 27
6 17 21 22 26 30
6 17 21 22 26 32
6 17 21 22 27 30
7 8 9 22 30 32
7 8 10 12 27 32
7 8 10 15 30 32
7 8 10 21 26 28
7 8 10 21 26 30
7 8 10 21 27 30
7 8 10 21 27 32
7 8 10 22 26 27
7 8 10 26 27 32
7 8 12 15 24 32
7 8 12 21 26 32
7 8 12 21 27 30
7 8 12 21 27 32
7 8 14 20 24 27
7 8 14 21 24 26
7 8 14 21 24 30
7 8 14 21 24 32
7 8 15 20 26 30
7 8 15 22 28 30
7 8 18 21 24 30
7 8 20 21 24 27
7 8 20 21 28 30
7 8 20 21 28 32
7 8 20 22 26 27
7 8 20 22 27 30
7 8 20 22 27 32
7 8 21 22 24 27
7 8 21 22 26 32
7 8 21 22 27 30
7 8 21 22 27 32
7 8 21 22 28 32
7 8 21 24 27 32
7 8 21 24 28 30
7 8 21 24 28 32
7 8 21 26 27 30
7 8 22 24 27 30
7 8 22 24 27 32
7 9 10 12 28 32
7 9 10 14 24 32
7 9 10 14 26 30
7 9 10 14 27 30
7 9 10 14 27 32
7 9 10 14 28 30
7 9 10 15 27 30
7 9 10 15 27 32
7 9 10 18 24 30
7 9 10 20 24 26
7 9 10 20 24 28
7 9 10 20 24 32
7 9 10 20 26 27
7 9 10 20 26 32
7 9 10 20 27 32
7 9 10 21 24 27
7 9 10 21 26 30
7 9 10 21 27 30
7 9 10 21 27 32
7 9 10 22 26 30
7 9 10 22 26 32
7 9 10 22 27 30
7 9 10 22 27 32
7 9 10 22 28 32
7 9 10 24 26 30
7 9 10 24 27 32
7 9 10 24 28 30
7 9 10 26 27 30
7 9 10 28 30 32
7 9 20 21 24 27
7 9 20 21 24 30
7 9 20 21 26 27
7 9 20 21 28 30
7 9 21 22 24 27
7 9 21 22 24 32
7 9 21 22 26 32
7 9 21 22 27 30
7 9 21 22 27 32
7 10 12 14 27 28
7 10 12 15 26 27
7 10 12 15 27 28
7 10 12 18 26 27
7 10 12 20 26 27
7 10 12 20 27 28
7 10 12 22 26 27
7 10 12 24 26 27
7 10 14 15 24 26
7 10 14 15 24 28
7 10 14 15 26 30
7 10 14 15 27 30
7 10 14 15 27 32
7 10 14 20 26 27
7 10 14 21 26 27
7 10 14 21 27 28
7 10 14 22 26 27
7 10 14 22 27 28
7 10 14 24 26 27
7 10 14 26 27 32
7 10 14 27 28 30
7 10 15 21 26 27
7 10 15 21 27 28
7 10 18 26 27 30
7 10 18 26 27 32
7 10 20 21 26 27
7 10 20 22 27 28
7 10 20 24 27 28
7 10 21 22 27 28
7 10 21 22 28 32
7 10 21 24 26 27
7 10 21 26 27 28
7 10 21 26 27 30
7 10 21 26 27 32
7 10 21 27 28 30
7 10 21 27 28 32
7 10 22 26 27 32
7 10 22 27 28 30
7 12 14 15 24 27
7 12 14 15 24 28
7 12 14 15 24 32
7 12 14 15 27 30
7 12 14 15 27 32
7 12 14 15 28 32
7 12 14 20 27 28
7 12 14 21 27 28
7 12 15 20 26 27
7 12 15 21 26 27
7 12 15 26 27 30
7 12 15 26 27 32
7 12 15 27 28 30
7 12 18 26 27 30
7 12 20 21 26 27
7 12 20 21 28 32
7 12 20 26 27 30
7 12 20 26 27 32
7 12 20 27 28 30
7 12 21 22 24 26
7 12 21 22 24 28
7 12 21 22 26 28
7 12 21 22 28 30
7 12 21 24 26 27
7 12 21 26 27 30
7 12 21 27 28 30
7 14 15 20 24 27
7 14 15 20 27 32
7 14 15 24 26 30
7 14 15 24 26 32
7 14 15 24 28 30
7 14 20 22 27 28
7 14 20 24 27 28
7 14 21 22 26 27
7 15 20 21 26 27
7 15 20 21 27 30
7 15 20 21 27 32
7 15 20 24 26 27
7 15 21 22 24 27
7 15 21 22 26 27
8 9 10 19 24 30
8 9 10 19 30 32
8 9 11 12 27 32
8 9 11 12 30 32
8 9 11 20 30 32
8 9 11 21 24 32
8 9 11 21 26 32
8 9 11 21 27 32
8 9 11 21 30 32
8 9 11 22 26 32
8 9 11 22 27 32
8 9 11 28 30 32
8 9 12 13 24 32
8 9 12 17 30 32
8 9 12 19 30 32
8 9 12 29 30 32
8 9 13 20 26 30
8 9 13 20 27 30
8 9 13 20 28 32
8 9 13 20 30 32
8 9 13 21 28 30
8 9 13 22 30 32
8 9 14 21 31 32
8 9 15 21 31 32
8 9 15 22 31 32
8 9 17 20 24 30
8 9 17 20 30 32
8 9 17 22 30 32
8 9 19 20 24 30
8 9 19 21 30 32
8 9 19 22 30 32
8 9 20 21 29 32
8 9 21 24 31 32
8 10 11 18 27 32
8 10 11 21 28 32
8 10 11 22 27 32
8 10 11 27 28 32
8 10 12 17 26 27
8 10 13 22 27 28
8 10 13 24 27 28
8 10 15 18 31 32
8 10 15 28 31 32
8 10 15 29 30 32
8 10 17 26 27 30
8 10 17 26 27 32
8 10 19 20 26 27
8 10 20 21 29 32
8 10 21 22 29 32
8 11 12 14 27 32
8 11 12 15 26 32
8 11 12 15 27 32
8 11 12 20 27 32
8 11 12 26 27 32
8 11 14 15 24 32
8 11 21 26 27 32
8 12 13 14 24 27
8 12 13 15 27 32
8 12 13 15 28 30
8 12 13 15 30 32
8 12 13 21 26 28
8 12 13 22 24 27
8 12 13 22 27 28
8 12 13 22 27 30
8 12 14 27 31 32
8 12 15 27 31 32
8 12 17 26 27 30
8 12 19 20 27 32
8 13 14 18 27 30
8 13 14 22 24 27
8 13 14 24 27 32
8 13 14 27 28 30
8 13 20 21 26 28
8 13 21 22 26 28
8 13 21 22 27 32
8 14 15 22 31 32
8 14 15 24 31 32
8 15 19 20 24 30
8 15 19 20 28 30
8 15 19 20 30 32
8 17 18 21 24 30
8 17 18 21 26 30
8 17 20 21 26 28
8 17 20 21 26 30
9 10 11 18 30 32
9 10 11 21 28 32
9 10 11 22 26 32
9 10 11 22 27 32
9 10 11 22 28 32
9 10 12 13 27 32
9 10 12 13 28 30
9 10 12 13 28 32
9 10 12 15 29 32
9 10 12 17 24 27
9 10 12 17 28 30
9 10 12 17 28 32
9 10 12 19 26 30
9 10 12 19 26 32
9 10 12 19 27 30
9 10 12 19 28 30
9 10 12 19 28 32
9 10 12 26 29 32
9 10 12 27 31 32
9 10 12 28 29 32
9 10 12 28 31 32
9 10 13 14 24 27
9 10 13 15 26 30
9 10 13 15 27 30
9 10 13 15 28 30
9 10 13 18 26 30
9 10 13 18 27 30
9 10 13 18 30 32
9 10 13 20 24 28
9 10 13 20 26 27
9 10 13 20 27 28
9 10 13 20 27 32
9 10 13 21 28 30
9 10 13 22 24 32
9 10 13 22 26 30
9 10 13 22 26 32
9 10 13 22 27 30
9 10 13 22 27 32
9 10 13 24 27 30
9 10 13 26 28 30
9 10 13 27 30 32
9 10 14 17 24 30
9 10 14 17 24 32
9 10 14 17 26 30
9 10 14 17 27 30
9 10 14 17 27 32
9 10 14 17 30 32
9 10 14 19 24 32
9 10 14 19 26 30
9 10 14 19 26 32
9 10 14 19 27 30
9 10 14 20 29 32
9 10 14 22 29 32
9 10 14 24 29 32
9 10 14 26 29 32
9 10 15 17 28 30
9 10 15 17 30 32
9 10 15 19 24 32
9 10 15 19 26 30
9 10 15 19 27 30
9 10 15 22 29 32
9 10 15 24 29 32
9 10 15 29 30 32
9 10 17 20 24 27
9 10 17 20 26 27
9 10 17 20 26 32
9 10 17 20 28 32
9 10 17 21 24 30
9 10 17 21 26 30
9 10 17 21 27 30
9 10 17 21 27 32
9 10 17 22 24 27
9 10 17 22 24 30
9 10 17 22 24 32
9 10 17 22 26 30
9 10 17 22 26 32
9 10 17 22 27 30
9 10 17 22 27 32
9 10 17 22 30 32
9 10 17 24 26 30
9 10 17 24 27 30
9 10 17 24 27 32
9 10 17 24 30 32
9 10 17 26 27 30
9 10 17 26 30 32
9 10 18 19 30 32
9 10 18 20 29 32
9 10 18 21 29 32
9 10 19 20 24 28
9 10 19 20 24 32
9 10 19 20 28 32
9 10 19 21 28 32
9 10 19 22 24 30
9 10 19 22 26 30
9 10 19 22 27 32
9 10 19 22 28 32
9 10 19 24 26 30
9 10 19 24 27 30
9 10 19 24 30 32
9 10 20 24 29 32
9 10 21 22 29 32
9 10 21 24 29 32
9 11 12 14 24 32
9 11 12 14 27 32
9 11 12 15 26 32
9 11 12 15 27 32
9 11 12 18 24 32
9 11 12 18 26 32
9 11 12 20 28 32
9 11 14 15 24 32
9 11 20 21 27 32
9 11 21 22 26 32
9 11 21 22 27 32
9 12 13 14 24 27
9 12 13 14 24 32
9 12 13 14 30 32
9 12 13 15 28 32
9 12 13 18 28 30
9 12 13 20 26 30
9 12 13 20 26 32
9 12 13 20 27 30
9 12 13 20 27 32
9 12 13 21 27 32
9 12 13 22 24 28
9 12 13 22 24 30
9 12 13 22 26 27
9 12 13 24 26 32
9 12 13 26 30 32
9 12 14 26 31 32
9 12 19 20 24 32
9 12 19 20 28 30
9 13 14 20 24 27
9 13 14 20 26 30
9 13 14 21 24 27
9 13 14 22 24 28
9 13 14 22 24 30
9 13 14 22 27 32
9 13 14 22 30 32
9 13 14 24 27 30
9 13 14 24 27 32
9 13 14 24 30 32
9 13 20 21 28 30
9 14 15 19 30 32
9 14 15 20 29 32
9 14 15 21 31 32
9 14 18 21 31 32
9 14 19 20 24 32
9 14 19 20 28 30
9 15 19 20 27 30
9 17 20 21 24 30
1 7 9 26 27 30
1 7 10 22 27 28
1 7 10 24 27 28
1 7 12 21 27 28
1 7 12 24 27 28
1 7 12 26 27 30
1 7 14 22 26 27
1 7 15 20 26 27
1 7 15 22 27 28
1 7 15 24 26 27
1 7 15 27 28 30
1 7 18 20 26 27
1 7 18 21 26 27
1 7 20 21 24 28
1 7 20 21 27 28
1 7 20 22 27 28
1 7 20 24 26 27
1 7 20 26 27 28
1 7 20 26 27 30
1 7 21 22 24 26
1 7 21 22 24 28
1 7 21 22 26 27
1 7 21 24 26 27
1 7 21 24 27 28
1 7 21 27 28 30
1 7 22 24 26 27
1 7 22 26 27 30
1 8 13 20 27 28
1 8 13 21 26 27
1 8 13 21 27 28
1 8 13 27 28 30
1 8 17 20 26 27
1 8 18 19 24 30
1 8 19 20 26 30
1 8 19 20 27 30
1 9 10 19 26 30
1 9 10 19 27 30
1 9 10 19 28 30
1 9 19 20 24 30
1 10 14 17 27 28
1 10 15 17 27 28
1 10 17 21 27 28
1 10 17 22 27 28
1 10 17 24 27 28
1 10 17 26 27 28
1 10 17 26 27 30
1 10 17 27 28 30
1 10 18 19 28 30
1 10 19 20 24 27
1 10 19 20 26 27
1 12 13 18 27 28
1 12 13 18 28 30
1 12 13 21 26 27
1 12 13 22 24 28
1 12 13 22 26 28
1 12 13 22 27 28
1 12 15 17 26 27
1 12 17 18 24 27
1 12 17 18 28 30
1 12 17 20 27 28
1 12 17 21 26 27
1 12 17 22 26 27
1 12 17 24 27 28
1 12 17 26 27 30
1 12 18 19 28 30
1 12 19 21 26 27
1 12 19 21 27 28
1 13 14 15 24 28
1 13 14 18 24 27
1 13 14 18 24 30
1 13 14 20 24 28
1 13 14 21 24 28
1 13 14 21 26 27
1 13 14 22 24 26
1 13 14 24 26 27
1 13 14 24 28 30
1 13 18 21 27 28
1 13 18 22 27 28
1 13 20 21 27 28
1 13 21 22 26 28
1 14 15 17 24 26
1 14 15 17 24 28
1 14 15 17 24 30
1 14 17 18 27 30
1 14 17 22 27 28
1 14 17 27 28 30
1 14 19 20 24 27
1 14 19 21 26 27
1 15 17 18 28 30
1 15 17 27 28 30
1 17 18 20 24 27
1 17 18 20 28 30
1 17 18 22 24 28
1 17 18 26 27 30
1 17 18 26 28 30
1 17 20 22 27 28
1 17 20 24 26 27
1 17 20 24 27 28
1 17 21 22 26 27
1 17 22 24 26 27
1 17 22 27 28 30
2 8 9 15 30 32
2 8 9 20 27 32
2 8 9 21 27 32
2 8 9 21 28 32
2 8 15 26 27 32
2 9 10 15 27 32
2 9 10 15 28 32
2 9 10 26 27 32
2 9 10 27 28 32
2 9 10 27 30 32
2 9 14 15 26 32
2 9 14 15 28 32
2 9 14 26 27 32
2 9 20 21 28 32
2 14 15 21 27 32
2 14 15 26 27 32
2 14 15 27 28 32
2 14 15 27 30 32
2 15 21 26 27 32
3 8 9 18 30 32
3 8 9 20 30 32
3 8 9 22 24 32
3 8 9 22 26 32
3 8 9 22 30 32
3 8 9 28 30 32
3 8 14 15 24 32
3 8 14 15 28 32
3 8 20 21 28 32
3 8 21 22 26 32
3 8 21 22 27 32
3 8 22 26 27 32
3 9 10 22 28 32
3 9 12 26 27 32
3 9 14 15 24 32
3 9 21 22 27 32
3 10 12 26 27 32
3 10 20 27 28 32
3 12 14 15 24 32
3 12 20 26 27 32
3 12 21 27 28 32
3 14 15 22 24 32
3 14 15 22 26 32
3 14 15 24 26 32
3 15 21 22 27 32
5 8 12 26 27 32
5 8 20 21 28 32
5 8 21 22 24 32
5 8 21 22 26 32
5 8 21 22 27 32
5 8 22 26 27 32
5 9 10 12 28 32
5 9 10 14 30 32
5 9 10 15 24 32
5 9 10 15 26 32
5 9 10 15 27 32
5 9 10 15 30 32
5 9 10 20 26 32
5 9 10 20 27 32
5 9 10 20 28 32
5 9 10 24 30 32
5 9 10 27 30 32
5 9 21 22 24 32
5 9 21 22 26 32
5 9 21 22 27 32
5 10 12 26 27 32
5 10 18 27 28 32
5 10 20 26 27 32
5 10 20 27 28 32
5 10 22 27 28 32
5 12 20 26 27 32
5 14 21 22 26 32
5 15 20 21 27 32
5 15 20 21 28 32
5 15 21 22 26 32
5 15 21 22 27 32
7 8 9 12 30 32
7 8 9 20 24 30
7 8 9 20 26 30
7 8 9 20 30 32
7 8 10 15 28 30
7 8 10 15 28 32
7 8 10 20 24 27
7 8 10 20 27 32
7 8 10 21 24 28
7 8 10 21 24 30
7 8 10 21 26 27
7 8 10 21 28 30
7 8 10 21 28 32
7 8 10 22 27 30
7 8 10 24 27 30
7 8 10 24 27 32
7 8 10 26 27 30
7 8 10 27 30 32
7 8 12 14 27 30
7 8 12 14 27 32
7 8 12 15 26 32
7 8 12 15 27 30
7 8 12 15 28 30
7 8 12 15 30 32
7 8 12 20 24 27
7 8 12 20 26 27
7 8 12 20 27 30
7 8 12 20 27 32
7 8 12 21 24 27
7 8 12 21 24 32
7 8 12 21 28 30
7 8 12 21 28 32
7 8 12 21 30 32
7 8 12 24 27 30
7 8 12 24 27 32
7 8 12 26 27 30
7 8 12 27 30 32
7 8 14 15 24 30
7 8 14 15 24 32
7 8 14 20 27 30
7 8 14 20 27 32
7 8 14 21 28 30
7 8 14 21 28 32
7 8 14 22 27 30
7 8 15 20 24 30
7 8 15 20 28 30
7 8 15 20 28 32
7 8 15 21 27 30
7 8 15 21 27 32
7 8 15 22 24 32
7 8 15 22 26 32
7 8 15 22 27 30
7 8 15 22 30 32
7 8 15 28 30 32
7 8 18 21 24 32
7 8 18 21 26 30
7 8 18 21 30 32
7 8 20 21 24 28
7 8 20 21 24 30
7 8 20 21 26 28
7 8 20 22 24 27
7 8 20 24 27 30
7 8 20 24 27 32
7 8 20 26 27 30
7 8 20 26 27 32
7 8 21 22 24 28
7 8 21 22 24 32
7 8 21 22 28 30
7 8 21 24 27 30
7 9 10 12 26 32
7 9 10 12 27 32
7 9 10 14 30 32
7 9 10 15 26 30
7 9 10 15 28 30
7 9 10 18 26 30
7 9 10 18 30 32
7 9 10 20 24 27
7 9 10 20 26 28
7 9 10 20 28 32
7 9 10 21 26 27
7 9 10 21 28 30
7 9 10 22 28 30
7 9 10 22 30 32
7 9 10 24 27 30
7 9 10 27 30 32
7 9 20 21 26 30
7 9 20 21 27 30
7 9 20 21 27 32
7 9 20 26 27 30
7 9 21 22 30 32
7 10 12 14 26 27
7 10 12 21 26 27
7 10 12 21 27 28
7 10 12 24 27 28
7 10 12 26 27 28
7 10 12 26 27 30
7 10 12 26 27 32
7 10 12 27 28 30
7 10 12 27 28 32
7 10 14 15 28 30
7 10 14 20 27 28
7 10 14 24 27 28
7 10 15 22 27 28
7 10 15 26 27 30
7 10 15 26 27 32
7 10 20 21 26 28
7 10 20 21 27 28
7 10 20 22 26 27
7 10 20 27 28 32
7 10 21 22 24 27
7 10 22 24 26 27
7 10 22 24 27 28
7 10 22 26 27 30
7 12 14 15 26 32
7 12 14 20 26 27
7 12 14 21 26 27
7 12 14 26 27 30
7 12 14 26 27 32
7 12 15 20 27 28
7 12 15 21 27 28
7 12 15 22 26 27
7 12 20 21 24 27
7 12 20 21 27 28
7 12 20 22 26 27
7 12 20 22 27 28
7 12 20 24 26 27
7 12 21 22 24 27
7 14 15 20 24 26
7 14 15 20 24 28
7 14 15 20 24 30
7 14 15 20 24 32
7 14 15 20 26 30
7 14 15 20 27 30
7 14 15 20 28 30
7 14 15 21 24 27
7 14 15 21 24 30
7 14 15 21 26 27
7 14 15 21 27 30
7 14 15 21 27 32
7 14 15 22 24 26
7 14 15 22 24 27
7 14 15 22 24 30
7 14 15 22 27 30
7 14 15 22 27 32
7 14 15 22 30 32
7 14 15 24 27 30
7 14 15 24 27 32
7 14 15 24 28 32
7 14 15 26 27 30
7 14 20 21 24 26
7 14 20 21 28 30
7 14 20 22 26 27
7 14 20 24 26 27
7 14 20 26 27 30
7 14 21 22 24 27
7 14 21 22 24 32
7 14 21 22 26 32
7 14 21 22 27 30
7 14 21 22 28 32
7 14 21 24 26 27
7 14 21 26 27 30
7 15 21 22 26 32
7 15 21 22 27 28
7 15 21 22 27 30
7 15 21 22 27 32
7 15 21 22 28 32
8 9 10 12 29 32
8 9 10 13 26 30
8 9 10 13 27 30
8 9 10 13 30 32
8 9 10 17 24 30
8 9 10 20 29 32
8 9 10 21 29 32
8 9 10 22 29 32
8 9 11 12 24 32
8 9 11 12 28 32
8 9 11 20 28 32
8 9 11 21 28 32
8 9 11 22 24 32
8 9 11 22 28 32
8 9 11 22 30 32
8 9 12 13 26 32
8 9 12 13 30 32
8 9 12 14 31 32
8 9 12 27 31 32
8 9 13 22 24 32
8 9 14 22 31 32
8 9 14 24 31 32
8 9 17 20 26 30
8 9 18 21 31 32
8 9 20 22 31 32
8 10 12 27 31 32
8 10 13 14 27 28
8 10 13 14 27 30
8 10 13 20 26 27
8 10 13 21 27 28
8 10 13 26 27 30
8 10 17 21 26 27
8 10 17 22 26 27
8 10 19 20 27 32
8 10 19 26 27 30
8 11 12 15 24 32
8 11 12 21 26 32
8 11 12 24 27 32
8 11 14 15 28 32
8 11 14 27 28 32
8 11 20 21 28 32
8 12 13 14 27 32
8 12 13 15 28 32
8 12 13 18 27 30
8 12 13 18 27 32
8 12 13 20 27 30
8 12 13 20 27 32
8 12 13 21 24 28
8 12 13 21 24 32
8 12 13 21 28 30
8 12 13 24 27 32
8 12 13 26 27 32
8 12 13 27 28 30
8 12 13 27 30 32
8 12 14 15 31 32
8 12 17 20 26 27
8 12 19 20 27 30
8 12 20 21 29 32
8 13 14 15 24 26
8 13 14 15 24 30
8 13 14 15 24 32
8 13 14 15 28 30
8 13 14 15 28 32
8 13 14 20 24 27
8 13 14 21 24 27
8 13 14 21 26 28
8 13 14 21 28 32
8 13 14 22 27 32
8 13 14 24 27 30
8 13 20 21 24 28
8 13 20 21 28 30
8 13 20 21 28 32
8 13 20 22 27 28
8 13 20 26 27 30
8 13 21 22 24 32
8 13 21 22 26 32
8 13 21 22 27 28
8 13 21 22 28 30
8 13 21 22 28 32
8 14 15 17 24 30
8 14 15 17 24 32
8 14 15 19 24 30
8 14 15 21 31 32
8 14 15 22 29 32
8 14 18 21 31 32
8 15 17 18 30 32
8 15 19 20 26 30
8 15 19 20 27 30
8 17 20 21 24 28
8 17 20 21 24 30
8 17 20 21 26 27
8 17 20 22 26 27
8 17 21 22 24 28
8 17 21 22 24 32
8 17 21 22 27 30
9 10 12 13 26 30
9 10 12 13 26 32
9 10 12 17 26 30
9 10 12 17 26 32
9 10 12 17 27 30
9 10 12 18 31 32
9 10 12 19 24 30
9 10 12 19 24 32
9 10 12 24 29 32
9 10 12 27 29 32
9 10 13 14 27 30
9 10 13 15 24 30
9 10 13 18 24 30
9 10 13 20 28 32
9 10 13 24 28 30
9 10 13 28 30 32
9 10 14 17 28 30
9 10 14 19 30 32
9 10 14 21 29 32
9 10 14 24 31 32
9 10 14 29 30 32
9 10 15 17 24 30
9 10 15 19 24 30
9 10 15 19 30 32
9 10 15 20 29 32
9 10 17 18 26 30
9 10 17 18 30 32
9 10 17 20 24 28
9 10 17 20 24 32
9 10 17 21 24 27
9 10 17 22 28 30
9 10 17 22 28 32
9 10 17 24 28 30
9 10 17 26 28 30
9 10 18 19 24 30
9 10 18 20 31 32
9 10 18 21 31 32
9 10 19 20 26 32
9 10 19 20 27 32
9 10 19 21 24 30
9 10 19 21 24 32
9 10 19 21 28 30
9 10 19 21 30 32
9 10 19 22 28 30
9 10 19 24 28 30
9 11 12 14 26 32
9 11 12 15 24 32
9 11 12 15 28 32
9 11 12 18 28 32
9 11 12 18 30 32
9 11 12 20 26 32
9 11 12 24 26 32
9 11 12 24 27 32
9 11 12 24 28 32
9 11 12 26 27 32
9 11 12 26 30 32
9 11 12 27 28 32
9 11 21 22 28 32
9 12 13 14 24 28
9 12 13 14 24 30
9 12 13 14 26 32
9 12 13 14 27 32
9 12 13 14 28 32
9 12 13 15 26 32
9 12 13 15 27 32
9 12 13 18 24 32
9 12 13 18 26 32
9 12 13 18 30 32
9 12 13 20 28 30
9 12 13 20 28 32
9 12 13 21 26 32
9 12 13 22 24 27
9 12 13 22 26 28
9 12 13 22 26 30
9 12 13 22 27 30
9 12 13 24 27 32
9 12 13 24 30 32
9 12 13 26 28 32
9 12 13 27 30 32
9 12 14 15 31 32
9 12 14 24 31 32
9 12 14 27 31 32
9 12 15 24 31 32
9 12 15 26 31 32
9 12 18 19 30 32
9 12 18 21 31 32
9 13 14 15 24 30
9 13 14 18 24 30
9 13 14 18 24 32
9 13 14 20 27 30
9 13 14 22 26 32
9 13 20 21 27 30
9 13 20 26 27 30
9 14 15 22 31 32
9 14 15 24 31 32
9 14 19 20 26 30
